

[image]
width = 1280
height = 720



[narrow_stereo_right]
camera_matrix = 1113.456416 0.000000 635.766863 0.000000 1121.187431 290.745847 0.000000 0.000000 1.000000 

distortion = 0.179716 -0.531721 -0.011189 0.015652 0.000000

rectification = 1.000000 0.000000 0.000000 0.000000 1.000000 0.000000 0.000000 0.000000 1.000000 

projection = 1113.177490 0.000000 654.393568 0.000000 0.000000 1143.177856 284.486593 0.000000 0.000000 0.000000 1.000000 0.000000


[narrow_stereo_left]
camera_matrix = 1586.975475 0.000000 642.373120 0.000000 1604.935485 130.101116 0.000000 0.000000 1.000000

distortion = 0.101109 -0.055058 -0.032646 0.004125 0.000000

rectification = 1.000000 0.000000 0.000000 0.000000 1.000000 0.000000 0.000000 0.000000 1.000000

projection = 1616.977173 0.000000 644.833848 0.000000 0.000000 1598.198853 118.541328 0.000000 0.000000 0.000000 1.000000 0.000000
